# IR Spectrum
# X-Axis:  Frequency (cm-1)
# Y-Axis:  &epsilon; (M-1 cm-1)

# Peak information
#                  X                   Y
#      30.5557000000       66.7430282605
#      63.5811000000       38.6760303712
#      73.5415000000       10.8439525897
#     106.8134000000       28.5721548759
#     151.5909000000       51.9731785782
#     171.7932000000       16.1509645820
#     206.2410000000       26.5197697322
#     251.6686000000        1.0034182061
#     269.4630000000        8.0909277960
#     311.8837000000     1539.2127223156
#     369.7709000000       58.6146641351
#     373.7607000000        4.0378483740
#     426.3423000000       15.9803352193
#     427.5701000000        7.6434585731
#     485.8753000000       22.8390037434
#     528.1417000000       58.2688538123
#     558.3273000000       11.2723725515
#     656.7126000000        9.0028529074
#     706.2028000000        0.0830415027
#     754.5146000000       19.8678191961
#     775.1683000000      278.0814274202
#     805.3620000000       11.5645475696
#     825.5801000000      117.7321003815
#     839.0773000000      148.8088813576
#     865.0631000000        6.2239283181
#     922.3774000000        2.2970737973
#     923.3909000000       37.4585381978
#     930.0023000000        1.5262624548
#     970.2450000000        0.0542749982
#    1027.1326000000        0.6676620062
#    1034.7638000000       19.8154456061
#    1076.5687000000      200.5536455838
#    1078.4252000000      116.3379349946
#    1135.2951000000       43.7152414029
#    1153.3300000000       60.7245688904
#    1197.9763000000       19.8331586934
#    1203.1639000000        6.5705012252
#    1210.3906000000      627.7789412426
#    1264.9875000000        1.4787722715
#    1280.6668000000     1243.9504654739
#    1305.7895000000        0.3974764701
#    1312.3331000000        9.4544783180
#    1331.7398000000        0.3211313507
#    1340.9527000000        0.3290402055
#    1343.0673000000       28.1109212266
#    1386.1008000000      182.3519945234
#    1407.1201000000       10.7608141017
#    1441.7448000000       15.6931160003
#    1449.7347000000      109.6374199327
#    1488.7137000000      125.2574038005
#    1519.4290000000        1.1723258784
#    1526.5383000000        0.5715422996
#    1530.1013000000       16.2177822344
#    1539.3468000000       39.5833220046
#    1550.3703000000      254.0945383703
#    1568.8758000000      423.6325298204
#    1651.4949000000        0.4840918601
#    1686.0248000000        1.8926880416
#    2997.6638000000       35.5652478438
#    3025.8406000000       29.8792072779
#    3032.5649000000       40.2515991698
#    3043.0930000000       22.4676309416
#    3047.7500000000       68.8447405926
#    3052.1568000000        8.5405577860
#    3090.0707000000       44.5367942603
#    3110.8231000000       88.9877290543
#    3115.1724000000       51.9194858081
#    3166.6536000000       30.9555418709
#    3208.6685000000       15.0665354304
#    3214.1762000000        6.0171560084
#    3228.8750000000       11.3784390647
#    3755.3040000000       44.9826306634

# Spectra
#                  X                   Y               DY/DX
        0.0000000000        0.0486534235        0.0023657152
        8.0000000000        0.0770249301        0.0052626757
       16.0000000000        0.1549608039        0.0168074094
       24.0000000000        0.5199184867        0.1080867698
       32.0000000000        1.6200527309       -0.2468691060
       40.0000000000        0.3583958436       -0.0422964598
       48.0000000000        0.2643740960        0.0081998285
       56.0000000000        0.5750949335        0.0971459010
       64.0000000000        2.2794862010       -0.0907015421
       72.0000000000        1.0698559898        0.0266254587
       80.0000000000        0.4104752285       -0.0520879889
       88.0000000000        0.2654356719        0.0016475496
       96.0000000000        0.4261918385        0.0493469841
      104.0000000000        1.8700289664        0.4166443069
      112.0000000000        1.1017087843       -0.2354902116
      120.0000000000        0.3757113429       -0.0240981983
      128.0000000000        0.3305730607        0.0082156661
      136.0000000000        0.5290171903        0.0492382912
      144.0000000000        1.5937106758        0.3081384163
      152.0000000000        7.1658411871       -0.3295241648
      160.0000000000        1.8554254026       -0.2018748183
      168.0000000000        2.0413626290        0.2786122521
      176.0000000000        1.7792676312       -0.2888649392
      184.0000000000        0.9068276584       -0.0215624961
      192.0000000000        0.9804712183        0.0409089283
      200.0000000000        2.0191023425        0.3177580959
      208.0000000000        4.6653346765       -0.7222501302
      216.0000000000        1.4820761548       -0.1055979510
      224.0000000000        1.1609078640       -0.0050037590
      232.0000000000        1.2290429267        0.0189172020
      240.0000000000        1.4500735676        0.0372814541
      248.0000000000        1.8913574301        0.0838115284
      256.0000000000        2.4460896626        0.0701682749
      264.0000000000        3.6279481521        0.2730662667
      272.0000000000        5.5644228025       -0.0997438758
      280.0000000000        6.7560740787        0.3586230609
      288.0000000000       11.5080759915        0.9162693554
      296.0000000000       24.9285952245        2.9348099175
      304.0000000000       85.2639700802       17.1777552305
      312.0000000000      415.6515058469       -6.0330259449
      320.0000000000       81.4301442095      -16.1081076824
      328.0000000000       24.3486811984       -2.8124385890
      336.0000000000       11.4443556379       -0.8825669111
      344.0000000000        6.8551934360       -0.3541578417
      352.0000000000        5.0839268293       -0.1006797229
      360.0000000000        5.6993778228        0.3692491097
      368.0000000000       18.2814029161        2.9322155947
      376.0000000000        8.1776640014       -1.5059284186
      384.0000000000        2.9373946496       -0.2396740356
      392.0000000000        1.8399382768       -0.0761751399
      400.0000000000        1.4515620965       -0.0276701581
      408.0000000000        1.3818111687        0.0137206312
      416.0000000000        1.9052958340        0.1591072745
      424.0000000000        6.6948271452        1.3383006416
      432.0000000000        3.8868718030       -0.7872026107
      440.0000000000        1.3359510089       -0.1053200302
      448.0000000000        0.8902270558       -0.0265419058
      456.0000000000        0.7832519028       -0.0026673981
      464.0000000000        0.8473640213        0.0210957187
      472.0000000000        0.9825350808        0.0996306650
      480.0000000000        3.3171330204        0.7137594947
      488.0000000000        7.8376082058       -1.5412737886
      496.0000000000        1.7761153406       -0.1972937793
      504.0000000000        1.2329448106        0.0107089857
      512.0000000000        1.8419611339        0.1646873390
      520.0000000000        5.4074560785        1.0208088977
      528.0000000000       26.8367666582        0.4726719076
      536.0000000000        5.7337133648       -1.0967360010
      544.0000000000        2.0508309742       -0.1396421266
      552.0000000000        2.3371282463        0.2910953031
      560.0000000000        5.0989854273       -0.8521439283
      568.0000000000        1.1022247622       -0.1542130524
      576.0000000000        0.4884040766       -0.0364701548
      584.0000000000        0.3023347837       -0.0146448656
      592.0000000000        0.2132537788       -0.0073492755
      600.0000000000        0.1780437512       -0.0038549501
      608.0000000000        0.1562078876       -0.0017078971
      616.0000000000        0.2680709879        0.0017279694
      624.0000000000        0.2929614293        0.0047687758
      632.0000000000        0.3530988650        0.0112833976
      640.0000000000        0.5104647434        0.0330957086
      648.0000000000        1.1404218742        0.1716261782
      656.0000000000        5.2370789061        0.4320405628
      664.0000000000        1.4904010494       -0.2455766803
      672.0000000000        0.7312749182       -0.0335358555
      680.0000000000        0.6790065825       -0.0027299368
      688.0000000000        0.7020146739        0.0073571633
      696.0000000000        0.7752262901        0.0150850213
      704.0000000000        0.9468029448        0.0294539440
      712.0000000000        1.1358236390        0.0278698966
      720.0000000000        1.4368123639        0.0486809803
      728.0000000000        1.9468726127        0.0828697876
      736.0000000000        2.8818686053        0.1645060287
      744.0000000000        5.1111379795        0.4736871742
      752.0000000000       15.2491952724        2.5635799621
      760.0000000000       17.3151083326        0.4428995750
      768.0000000000       46.2632118606        9.3192287479
      776.0000000000      180.5997334359      -17.8314993350
      784.0000000000       33.6769718065       -5.9059058509
      792.0000000000       12.7946507091       -0.9366481414
      800.0000000000       10.8949634842        0.5273915658
      808.0000000000       14.3996488167       -0.8974356577
      816.0000000000       18.5639098610        2.2371634448
      824.0000000000       81.6887168963       13.2405107941
      832.0000000000       50.9974745492        0.2837878156
      840.0000000000      109.7532626808      -12.0394955122
      848.0000000000       21.6892742491       -3.5925749384
      856.0000000000        8.5570008612       -0.6029025608
      864.0000000000        8.5567722356        0.2766144869
      872.0000000000        3.9183048085       -0.3726051680
      880.0000000000        2.3849167181       -0.0983177004
      888.0000000000        1.8925235649       -0.0333799180
      896.0000000000        1.8086194072        0.0139897213
      904.0000000000        2.2305039510        0.1082562517
      912.0000000000        4.3216464819        0.5433287591
      920.0000000000       19.7659225163        4.6171151331
      928.0000000000       15.2131439749       -3.1414612371
      936.0000000000        3.8484501841       -0.5042110692
      944.0000000000        1.8160807080       -0.1195708924
      952.0000000000        1.2288842719       -0.0430042225
      960.0000000000        1.0045570755       -0.0165781942
      968.0000000000        0.9408108956        0.0020108949
      976.0000000000        0.9378271538       -0.0006639878
      984.0000000000        0.9771601815        0.0094119142
      992.0000000000        1.0376901893        0.0187958875
     1000.0000000000        1.2098491481        0.0331421104
     1008.0000000000        1.5633690521        0.0586613995
     1016.0000000000        2.2618274198        0.1305769987
     1024.0000000000        4.3532413954        0.5041392325
     1032.0000000000       14.7332437448        2.8549602724
     1040.0000000000       10.1781803933       -1.4043567261
     1048.0000000000        7.1812746675        0.1619112625
     1056.0000000000       11.4916801398        0.8825601680
     1064.0000000000       26.0939777183        3.4755331284
     1072.0000000000      112.6448686344       26.9286942461
     1080.0000000000      203.0695650844      -42.6457261128
     1088.0000000000       37.9265050318       -6.0245329828
     1096.0000000000       14.6140822528       -1.2852296445
     1104.0000000000        8.6152105678       -0.3999931879
     1112.0000000000        6.8630807273       -0.0687384147
     1120.0000000000        7.5815564497        0.2977086861
     1128.0000000000       15.8579301860        2.1884958426
     1136.0000000000       49.2250782938       -3.2052444911
     1144.0000000000       21.7064515184        0.3457817744
     1152.0000000000       62.4349725125        8.0252901526
     1160.0000000000       23.7858820410       -3.4405711101
     1168.0000000000       13.4279931135       -0.2526722110
     1176.0000000000       14.3597720792        0.4246371102
     1184.0000000000       20.7527147075        1.2943582640
     1192.0000000000       40.9505335431        4.7000230788
     1200.0000000000      109.9139282413       12.0224843859
     1208.0000000000      495.5824029644      105.7179045890
     1216.0000000000      229.3855462204      -52.4847796126
     1224.0000000000       60.4805353656       -6.9069320583
     1232.0000000000       32.1474369022       -1.6017475844
     1240.0000000000       25.7676404819       -0.1483188504
     1248.0000000000       28.4765131961        0.8466048108
     1256.0000000000       41.2726296256        2.6243416851
     1264.0000000000       80.9676619187        8.5747510694
     1272.0000000000      246.1975007049       45.9397198035
     1280.0000000000     1345.8384417991      108.8365852730
     1288.0000000000      319.2649378879      -66.5302067673
     1296.0000000000       90.9613990024      -10.6728743602
     1304.0000000000       44.0967196901       -2.8134817639
     1312.0000000000       35.3894518937       -0.9449107182
     1320.0000000000       19.3586531016       -1.0890121804
     1328.0000000000       14.8748168081       -0.1440545967
     1336.0000000000       18.1731695029        1.4614282674
     1344.0000000000       39.9335293905       -3.5860927354
     1352.0000000000       13.9534940371       -0.9794285776
     1360.0000000000       11.4019971262        0.0966412360
     1368.0000000000       15.1016341948        0.9549399926
     1376.0000000000       33.5469180869        5.0300252637
     1384.0000000000      175.3112542913       35.3244064565
     1392.0000000000       73.1882564192      -15.9154739474
     1400.0000000000       23.3301897702       -1.5305043376
     1408.0000000000       23.3532031809       -1.8729268926
     1416.0000000000       11.0246414317       -0.5170608217
     1424.0000000000        9.9688811532        0.1588869289
     1432.0000000000       14.3096818137        1.1440016442
     1440.0000000000       40.9016034909        6.5091315546
     1448.0000000000      125.5316436383       19.9244692595
     1456.0000000000       46.0613310022       -9.0792521034
     1464.0000000000       17.2633058339       -1.0110303213
     1472.0000000000       16.1238570031        0.6331881458
     1480.0000000000       33.8153342576        5.2273703648
     1488.0000000000      161.9309777173       13.5475837182
     1496.0000000000       43.2371334963       -7.7881528506
     1504.0000000000       17.4336413500       -1.0393305737
     1512.0000000000       14.5087858054        0.1421162426
     1520.0000000000       19.7519904624        1.0051531077
     1528.0000000000       41.9085168496        5.3069462979
     1536.0000000000       72.6089521948        9.6528746768
     1544.0000000000      136.4428877589       17.0599751738
     1552.0000000000      329.7355677630      -48.4770784911
     1560.0000000000      150.4500636351        9.0868231387
     1568.0000000000      567.9889632793       55.4987803955
     1576.0000000000      147.4125445544      -30.1252096701
     1584.0000000000       43.3773076940       -4.9624707246
     1592.0000000000       20.6217170294       -1.5740310843
     1600.0000000000       12.1910977747       -0.6941299501
     1608.0000000000        8.1147219395       -0.3682767231
     1616.0000000000        5.7527624209       -0.2185590716
     1624.0000000000        4.3469658936       -0.1404049390
     1632.0000000000        3.4233104474       -0.0939104235
     1640.0000000000        2.8163760332       -0.0571926505
     1648.0000000000        2.6628974881        0.0471285041
     1656.0000000000        2.1389865419       -0.1110528090
     1664.0000000000        1.6664988401       -0.0315043383
     1672.0000000000        1.5336438932        0.0012489270
     1680.0000000000        1.9872784671        0.1747300391
     1688.0000000000        3.2191899746       -0.4573567522
     1696.0000000000        1.2496344906       -0.0793102271
     1704.0000000000        0.8697251189       -0.0244417937
     1712.0000000000        0.5164168038       -0.0111901082
     1720.0000000000        0.4432291713       -0.0075935824
     1728.0000000000        0.3903615595       -0.0057910018
     1736.0000000000        0.0191456657       -0.0007363231
     1744.0000000000        0.0143898993       -0.0004775785
     1752.0000000000        0.0112198280       -0.0003275567
     1760.0000000000        0.0089991072       -0.0002345549
     1768.0000000000        0.0073819139       -0.0001738077
     1776.0000000000        0.0061670117       -0.0001324292
     1784.0000000000        0.0052307446       -0.0001032576
     1792.0000000000        0.0044936762       -0.0000820929
     1800.0000000000        0.0039028562       -0.0000663591
     1808.0000000000        0.0034218706       -0.0000544160
     1816.0000000000        0.0026157610       -0.0000402121
     1824.0000000000        0.0023214710       -0.0000336223
     1832.0000000000        0.0020741781       -0.0000283969
     1840.0000000000        0.0018643851       -0.0000242004
     1848.0000000000        0.0000000000        0.0000000000
     1856.0000000000        0.0000000000        0.0000000000
     1864.0000000000        0.0000000000        0.0000000000
     1872.0000000000        0.0000000000        0.0000000000
     1880.0000000000        0.0000000000        0.0000000000
     1888.0000000000        0.0000000000        0.0000000000
     1896.0000000000        0.0000000000        0.0000000000
     1904.0000000000        0.0000000000        0.0000000000
     1912.0000000000        0.0000000000        0.0000000000
     1920.0000000000        0.0000000000        0.0000000000
     1928.0000000000        0.0000000000        0.0000000000
     1936.0000000000        0.0000000000        0.0000000000
     1944.0000000000        0.0000000000        0.0000000000
     1952.0000000000        0.0000000000        0.0000000000
     1960.0000000000        0.0000000000        0.0000000000
     1968.0000000000        0.0000000000        0.0000000000
     1976.0000000000        0.0000000000        0.0000000000
     1984.0000000000        0.0000000000        0.0000000000
     1992.0000000000        0.0000000000        0.0000000000
     2000.0000000000        0.0000000000        0.0000000000
     2008.0000000000        0.0000000000        0.0000000000
     2016.0000000000        0.0000000000        0.0000000000
     2024.0000000000        0.0000000000        0.0000000000
     2032.0000000000        0.0000000000        0.0000000000
     2040.0000000000        0.0000000000        0.0000000000
     2048.0000000000        0.0000000000        0.0000000000
     2056.0000000000        0.0000000000        0.0000000000
     2064.0000000000        0.0000000000        0.0000000000
     2072.0000000000        0.0000000000        0.0000000000
     2080.0000000000        0.0000000000        0.0000000000
     2088.0000000000        0.0000000000        0.0000000000
     2096.0000000000        0.0000000000        0.0000000000
     2104.0000000000        0.0000000000        0.0000000000
     2112.0000000000        0.0000000000        0.0000000000
     2120.0000000000        0.0000000000        0.0000000000
     2128.0000000000        0.0000000000        0.0000000000
     2136.0000000000        0.0000000000        0.0000000000
     2144.0000000000        0.0000000000        0.0000000000
     2152.0000000000        0.0000000000        0.0000000000
     2160.0000000000        0.0000000000        0.0000000000
     2168.0000000000        0.0000000000        0.0000000000
     2176.0000000000        0.0000000000        0.0000000000
     2184.0000000000        0.0000000000        0.0000000000
     2192.0000000000        0.0000000000        0.0000000000
     2200.0000000000        0.0000000000        0.0000000000
     2208.0000000000        0.0000000000        0.0000000000
     2216.0000000000        0.0000000000        0.0000000000
     2224.0000000000        0.0000000000        0.0000000000
     2232.0000000000        0.0000000000        0.0000000000
     2240.0000000000        0.0000000000        0.0000000000
     2248.0000000000        0.0000000000        0.0000000000
     2256.0000000000        0.0000000000        0.0000000000
     2264.0000000000        0.0000000000        0.0000000000
     2272.0000000000        0.0000000000        0.0000000000
     2280.0000000000        0.0000000000        0.0000000000
     2288.0000000000        0.0000000000        0.0000000000
     2296.0000000000        0.0000000000        0.0000000000
     2304.0000000000        0.0000000000        0.0000000000
     2312.0000000000        0.0000000000        0.0000000000
     2320.0000000000        0.0000000000        0.0000000000
     2328.0000000000        0.0000000000        0.0000000000
     2336.0000000000        0.0000000000        0.0000000000
     2344.0000000000        0.0000000000        0.0000000000
     2352.0000000000        0.0000000000        0.0000000000
     2360.0000000000        0.0000000000        0.0000000000
     2368.0000000000        0.0000000000        0.0000000000
     2376.0000000000        0.0000000000        0.0000000000
     2384.0000000000        0.0000000000        0.0000000000
     2392.0000000000        0.0000000000        0.0000000000
     2400.0000000000        0.0000000000        0.0000000000
     2408.0000000000        0.0000000000        0.0000000000
     2416.0000000000        0.0000000000        0.0000000000
     2424.0000000000        0.0000000000        0.0000000000
     2432.0000000000        0.0000000000        0.0000000000
     2440.0000000000        0.0000000000        0.0000000000
     2448.0000000000        0.0000000000        0.0000000000
     2456.0000000000        0.0000000000        0.0000000000
     2464.0000000000        0.0000000000        0.0000000000
     2472.0000000000        0.0000000000        0.0000000000
     2480.0000000000        0.0000000000        0.0000000000
     2488.0000000000        0.0000000000        0.0000000000
     2496.0000000000        0.0000000000        0.0000000000
     2504.0000000000        0.0000000000        0.0000000000
     2512.0000000000        0.0000000000        0.0000000000
     2520.0000000000        0.0000000000        0.0000000000
     2528.0000000000        0.0000000000        0.0000000000
     2536.0000000000        0.0000000000        0.0000000000
     2544.0000000000        0.0000000000        0.0000000000
     2552.0000000000        0.0000000000        0.0000000000
     2560.0000000000        0.0000000000        0.0000000000
     2568.0000000000        0.0000000000        0.0000000000
     2576.0000000000        0.0000000000        0.0000000000
     2584.0000000000        0.0000000000        0.0000000000
     2592.0000000000        0.0000000000        0.0000000000
     2600.0000000000        0.0000000000        0.0000000000
     2608.0000000000        0.0000000000        0.0000000000
     2616.0000000000        0.0000000000        0.0000000000
     2624.0000000000        0.0000000000        0.0000000000
     2632.0000000000        0.0000000000        0.0000000000
     2640.0000000000        0.0000000000        0.0000000000
     2648.0000000000        0.0000000000        0.0000000000
     2656.0000000000        0.0000000000        0.0000000000
     2664.0000000000        0.0000000000        0.0000000000
     2672.0000000000        0.0000000000        0.0000000000
     2680.0000000000        0.0000000000        0.0000000000
     2688.0000000000        0.0000000000        0.0000000000
     2696.0000000000        0.0000000000        0.0000000000
     2704.0000000000        0.0000000000        0.0000000000
     2712.0000000000        0.0000000000        0.0000000000
     2720.0000000000        0.0000000000        0.0000000000
     2728.0000000000        0.0000000000        0.0000000000
     2736.0000000000        0.0000000000        0.0000000000
     2744.0000000000        0.0000000000        0.0000000000
     2752.0000000000        0.0000000000        0.0000000000
     2760.0000000000        0.0000000000        0.0000000000
     2768.0000000000        0.0000000000        0.0000000000
     2776.0000000000        0.0000000000        0.0000000000
     2784.0000000000        0.0000000000        0.0000000000
     2792.0000000000        0.0000000000        0.0000000000
     2800.0000000000        0.0000000000        0.0000000000
     2808.0000000000        0.0000000000        0.0000000000
     2816.0000000000        0.0000000000        0.0000000000
     2824.0000000000        0.0000000000        0.0000000000
     2832.0000000000        0.0000000000        0.0000000000
     2840.0000000000        0.0594090371        0.0007531319
     2848.0000000000        0.0659253273        0.0008803501
     2856.0000000000        0.0735753025        0.0010379037
     2864.0000000000        0.0826379571        0.0012353983
     2872.0000000000        0.1463972153        0.0021737679
     2880.0000000000        0.2381254555        0.0035684133
     2888.0000000000        0.4227693792        0.0062410164
     2896.0000000000        0.4924400697        0.0077195360
     2904.0000000000        0.5607458882        0.0094357853
     2912.0000000000        0.6449322251        0.0117251206
     2920.0000000000        0.7505902071        0.0148611133
     2928.0000000000        0.8861534072        0.0192992622
     2936.0000000000        1.1452396523        0.0268850100
     2944.0000000000        1.3985331217        0.0372414197
     2952.0000000000        1.9110827237        0.0563739711
     2960.0000000000        2.5690065065        0.0895517254
     2968.0000000000        3.5203381602        0.1577184369
     2976.0000000000        5.3803165432        0.3411887248
     2984.0000000000       10.3103919954        1.0881749946
     2992.0000000000       34.8414687120        7.4156869119
     3000.0000000000       74.8914833223      -14.6672379078
     3008.0000000000       22.1695098479       -1.2478033984
     3016.0000000000       26.5641165061        2.4709150559
     3024.0000000000       94.8826646202       16.4708490422
     3032.0000000000      148.4085192320        4.3271604216
     3040.0000000000      109.8488479087       11.4037912303
     3048.0000000000      227.8967554392       -9.6634973649
     3056.0000000000       59.9870955010      -10.6450288276
     3064.0000000000       23.1618614825       -1.5928952543
     3072.0000000000       18.2377600421        0.1410530469
     3080.0000000000       27.5524495250        2.8565764223
     3088.0000000000      108.0233071108       19.8646773205
     3096.0000000000       62.3711690390       -6.0986677678
     3104.0000000000       88.7689444123       14.6524902113
     3112.0000000000      312.6940392093       -9.3072856837
     3120.0000000000       99.4468782958      -21.1615287352
     3128.0000000000       28.1889126091       -3.1682729412
     3136.0000000000       14.3084944416       -0.8788129263
     3144.0000000000       10.3306774591       -0.1945981487
     3152.0000000000       11.2645266201        0.5369097643
     3160.0000000000       26.5985960215        4.8630444143
     3168.0000000000       79.6625274736      -11.5873385940
     3176.0000000000       16.2800595475       -2.3831014157
     3184.0000000000        7.6512890265       -0.3972936493
     3192.0000000000        6.6523358014        0.1344988512
     3200.0000000000       11.5216984285        1.5061227836
     3208.0000000000       48.4246689144        4.4914694993
     3216.0000000000       27.5201504906       -4.2757360913
     3224.0000000000       18.8633593554        2.3731644541
     3232.0000000000       22.6001134037       -4.9977470163
     3240.0000000000        5.4177906543       -0.6657370714
     3248.0000000000        2.6056565104       -0.1795685723
     3256.0000000000        1.5909617255       -0.0764407925
     3264.0000000000        1.1401910095       -0.0414387710
     3272.0000000000        0.7310204510       -0.0239424179
     3280.0000000000        0.4921926975       -0.0149260563
     3288.0000000000        0.3924268296       -0.0103957398
     3296.0000000000        0.3213718431       -0.0075746289
     3304.0000000000        0.2687016069       -0.0057138923
     3312.0000000000        0.2284241921       -0.0044305183
     3320.0000000000        0.1968446074       -0.0035131702
     3328.0000000000        0.1194112933       -0.0021918465
     3336.0000000000        0.1036447642       -0.0017699435
     3344.0000000000        0.0908210991       -0.0014501999
     3352.0000000000        0.0802479837       -0.0012033584
     3360.0000000000        0.0714260705       -0.0010097002
     3368.0000000000        0.0639876529       -0.0008555952
     3376.0000000000        0.0235086259       -0.0003193375
     3384.0000000000        0.0211479776       -0.0002724761
     3392.0000000000        0.0000000000        0.0000000000
     3400.0000000000        0.0000000000        0.0000000000
     3408.0000000000        0.0000000000        0.0000000000
     3416.0000000000        0.0000000000        0.0000000000
     3424.0000000000        0.0000000000        0.0000000000
     3432.0000000000        0.0000000000        0.0000000000
     3440.0000000000        0.0000000000        0.0000000000
     3448.0000000000        0.0000000000        0.0000000000
     3456.0000000000        0.0000000000        0.0000000000
     3464.0000000000        0.0000000000        0.0000000000
     3472.0000000000        0.0000000000        0.0000000000
     3480.0000000000        0.0000000000        0.0000000000
     3488.0000000000        0.0000000000        0.0000000000
     3496.0000000000        0.0000000000        0.0000000000
     3504.0000000000        0.0000000000        0.0000000000
     3512.0000000000        0.0000000000        0.0000000000
     3520.0000000000        0.0000000000        0.0000000000
     3528.0000000000        0.0000000000        0.0000000000
     3536.0000000000        0.0000000000        0.0000000000
     3544.0000000000        0.0000000000        0.0000000000
     3552.0000000000        0.0000000000        0.0000000000
     3560.0000000000        0.0000000000        0.0000000000
     3568.0000000000        0.0000000000        0.0000000000
     3576.0000000000        0.0000000000        0.0000000000
     3584.0000000000        0.0000000000        0.0000000000
     3592.0000000000        0.0000000000        0.0000000000
     3600.0000000000        0.0970116392        0.0012484846
     3608.0000000000        0.1078271001        0.0014629290
     3616.0000000000        0.1205568865        0.0017294201
     3624.0000000000        0.1356807893        0.0020647503
     3632.0000000000        0.1538388418        0.0024926542
     3640.0000000000        0.1759000808        0.0030473990
     3648.0000000000        0.2030683453        0.0037796644
     3656.0000000000        0.2370497863        0.0047664907
     3664.0000000000        0.2803269044        0.0061287546
     3672.0000000000        0.3366241347        0.0080632333
     3680.0000000000        0.4117346233        0.0109044984
     3688.0000000000        0.5150674300        0.0152518288
     3696.0000000000        0.6627318829        0.0222491070
     3704.0000000000        0.8841840534        0.0342601651
     3712.0000000000        1.2380303910        0.0566948348
     3720.0000000000        1.8547681571        0.1037423413
     3728.0000000000        3.0746976795        0.2204875053
     3736.0000000000        6.0245511403        0.5984798979
     3744.0000000000       16.2846111085        2.5605885571
     3752.0000000000       86.9881101397       21.3556452614
     3760.0000000000       61.5311301016      -15.1869561689
     3768.0000000000       13.2142281783       -1.8936660165
     3776.0000000000        5.2695914860       -0.4909001687
     3784.0000000000        2.7891823306       -0.1906900543
     3792.0000000000        1.7183431074       -0.0925531844
     3800.0000000000        1.1627205983       -0.0516145635
     3808.0000000000        0.8383524788       -0.0316361644
     3816.0000000000        0.6328122608       -0.0207616903
     3824.0000000000        0.4944749160       -0.0143473882
     3832.0000000000        0.3969648071       -0.0103235626
     3840.0000000000        0.3256744813       -0.0076733186
     3848.0000000000        0.2719864077       -0.0058574456
     3856.0000000000        0.2305514886       -0.0045719445
     3864.0000000000        0.1979075058       -0.0036365617
     3872.0000000000        0.1717335811       -0.0029398102
     3880.0000000000        0.1504268717       -0.0024102175
     3888.0000000000        0.1328516690       -0.0020005284
     3896.0000000000        0.1181851038       -0.0016786498
     3904.0000000000        0.1058191813       -0.0014222664
     3912.0000000000        0.0952968176       -0.0012155353
     3920.0000000000        0.0000000000        0.0000000000
     3928.0000000000        0.0000000000        0.0000000000
     3936.0000000000        0.0000000000        0.0000000000
     3944.0000000000        0.0000000000        0.0000000000
     3952.0000000000        0.0000000000        0.0000000000
     3960.0000000000        0.0000000000        0.0000000000
     3968.0000000000        0.0000000000        0.0000000000
     3976.0000000000        0.0000000000        0.0000000000
     3984.0000000000        0.0000000000        0.0000000000
     3992.0000000000        0.0000000000        0.0000000000
